time, Quad.IMU.AX
0.005000,0.552094
0.010000,0.073920
0.015000,0.523427
0.020000,-0.426276
0.025000,0.916842
0.030000,-0.295547
0.035000,0.183683
0.040000,-0.568144
0.045000,0.311387
0.050000,-1.083970
0.055000,0.002757
0.060000,0.413231
0.065000,-0.796515
0.070000,0.980347
0.075000,0.606163
0.080000,0.187613
0.085000,0.509391
0.090000,0.783213
0.095000,-0.017833
0.100000,0.857157
0.105000,1.076915
0.110000,0.338511
0.115000,0.074476
0.120000,-0.126033
0.125000,-0.085284
0.130000,-0.994933
0.135000,-0.059049
0.140000,0.071340
0.145000,0.410956
0.150000,0.243100
0.155000,-0.626684
0.160000,0.418041
0.165000,-0.103519
0.170000,0.283051
0.175000,0.848030
0.180000,0.025832
0.185000,-0.684010
0.190000,-0.714178
0.195000,-0.054740
0.200000,0.666395
0.205000,-0.688651
0.210000,-0.521874
0.215000,0.135209
0.220000,-0.764128
0.225000,-0.204888
0.230000,0.061661
0.235000,-0.316830
0.240000,-0.267501
0.245000,-0.551104
0.250000,-0.094295
0.255000,-0.698340
0.260000,0.186102
0.265000,-0.273293
0.270000,-0.410736
0.275000,-0.505580
0.280000,0.092653
0.285000,0.257626
0.290000,-0.513518
0.295000,-0.276619
0.300000,-0.022813
0.305000,-0.303713
0.310000,0.608956
0.314999,-0.010992
0.319999,0.540266
0.324999,0.528834
0.329999,0.603097
0.334999,-0.103583
0.339999,-0.262462
0.344999,-0.037474
0.349999,-0.618887
0.354999,-0.200670
0.359999,0.121449
0.364999,0.494462
0.369999,1.146035
0.374999,0.244821
0.379999,-0.198488
0.384999,-0.650888
0.389999,0.262521
0.394998,0.150793
0.399998,-0.044098
0.404998,-0.849318
0.409998,0.215576
0.414998,-0.245759
0.419998,0.420011
0.424998,0.081609
0.429998,-0.558404
0.434998,-0.336461
0.439998,-0.225298
0.444998,0.045077
0.449998,-0.994497
0.454998,-1.219573
0.459998,0.036338
0.464998,0.358030
0.469997,-0.564534
0.474997,-0.506979
0.479997,0.886658
0.484997,0.191203
0.489997,-0.622093
0.494997,-0.122833
0.499997,-0.273568
0.504997,0.329269
0.509997,-0.375280
0.514997,0.240072
0.519997,-0.077220
0.524997,0.042296
0.529997,-0.600068
0.534997,0.132178
0.539997,0.426696
0.544997,0.235223
0.549996,-0.576602
0.554996,0.094152
0.559996,-0.459258
0.564996,0.420903
0.569996,-0.852488
0.574996,-0.027551
0.579996,-0.059889
0.584996,-0.047105
0.589996,0.374460
0.594996,0.443217
0.599996,-0.965848
0.604996,0.063162
0.609996,-0.298679
0.614996,0.106097
0.619996,0.359011
0.624996,-0.259632
0.629995,0.506326
0.634995,0.095133
0.639995,-1.060618
0.644995,-0.098122
0.649995,0.312301
0.654995,0.628466
0.659995,-0.074289
0.664995,0.584374
0.669995,0.060148
0.674995,0.194894
0.679995,-0.600377
0.684995,0.058922
0.689995,0.027116
0.694995,0.589551
0.699995,0.587724
0.704994,-0.214979
0.709994,0.639322
0.714994,-0.242341
0.719994,-0.010306
0.724994,0.760502
0.729994,0.045159
0.734994,0.626412
0.739994,-0.675074
0.744994,0.628443
0.749994,-0.039814
0.754994,-0.205640
0.759994,0.241010
0.764994,0.399141
0.769994,-0.487205
0.774994,0.707590
0.779994,-0.123338
0.784993,-0.162441
0.789993,0.500051
0.794993,-0.982311
0.799993,-0.171547
0.804993,0.091594
0.809993,-0.445139
0.814993,-0.289367
0.819993,-0.235611
0.824993,0.393037
0.829993,0.004827
0.834993,0.253210
0.839993,0.003485
0.844993,0.585379
0.849993,-0.127246
0.854993,-0.146249
0.859993,-0.383076
0.864992,-0.201050
0.869992,-0.501929
0.874992,0.084234
0.879992,-0.117713
0.884992,-0.413414
0.889992,-0.689791
0.894992,-0.715077
0.899992,0.460532
0.904992,-0.026817
0.909992,0.184698
0.914992,-0.334926
0.919992,-0.375560
0.924992,-0.261285
0.929992,0.471997
0.934992,-0.444660
0.939991,0.304036
0.944991,-0.234628
0.949991,1.257097
0.954991,-0.655397
0.959991,0.487441
0.964991,1.196156
0.969991,-0.721491
0.974991,0.977080
0.979991,-0.668580
0.984991,0.195988
0.989991,0.654743
0.994991,-0.584115
0.999991,0.271320
1.004991,0.177064
1.009991,0.031141
1.014991,0.961328
1.019992,0.631351
1.024992,-0.067919
1.029992,-0.659626
1.034992,0.029778
1.039993,0.010472
1.044993,-0.034248
1.049993,0.729194
1.054993,-0.058689
1.059994,-0.141970
1.064994,-0.045252
1.069994,-0.274974
1.074994,-0.156453
1.079994,0.574546
1.084995,0.134393
1.089995,-0.112116
1.094995,-0.086010
1.099995,0.475321
1.104996,-0.125092
1.109996,0.522297
1.114996,-0.254107
1.119996,-0.118179
1.124997,-0.349266
1.129997,-0.803303
1.134997,0.350570
1.139997,0.146088
1.144997,-0.341844
1.149998,1.007867
1.154998,0.365673
1.159998,-0.028322
1.164998,-0.401430
1.169999,-0.157780
1.174999,0.426295
1.179999,0.229021
1.184999,-0.493013
1.190000,-0.462249
1.195000,-0.063040
1.200000,-0.192556
1.205000,0.048818
1.210001,0.072450
1.215001,-0.221538
1.220001,-0.847697
1.225001,0.691111
1.230001,-0.002798
1.235002,-0.483301
1.240002,-0.554501
1.245002,-0.258531
1.250002,-1.039230
1.255003,0.246438
1.260003,0.910930
1.265003,-0.358708
1.270003,-0.053420
1.275004,0.514751
1.280004,0.450784
1.285004,0.298013
1.290004,-0.893596
1.295004,0.113569
1.300005,0.241769
1.305005,0.065329
1.310005,-0.525400
1.315005,0.054029
1.320006,-0.164563
1.325006,0.367559
1.330006,0.014204
1.335006,-0.263118
1.340007,0.233102
1.345007,-0.432132
1.350007,0.114429
1.355007,-0.742884
1.360008,-0.244548
1.365008,-0.174177
1.370008,-0.301108
1.375008,1.201020
1.380008,-0.582511
1.385009,0.210917
1.390009,-0.138071
1.395009,0.180201
1.400009,-0.011294
1.405010,1.171819
1.410010,-0.146348
1.415010,-0.358256
1.420010,0.467255
1.425011,-0.353467
1.430011,0.912111
1.435011,-0.033176
1.440011,-0.118189
1.445011,0.517877
1.450012,0.023629
1.455012,-0.627842
1.460012,-0.187278
1.465012,0.247415
1.470013,0.236186
1.475013,0.711864
1.480013,-0.823192
1.485013,-0.420397
1.490014,0.467213
1.495014,0.599331
1.500014,0.179912
1.505014,0.093778
1.510015,0.490519
1.515015,-0.025118
1.520015,0.202811
1.525015,0.539650
1.530015,0.226416
1.535016,-0.828866
1.540016,0.030650
1.545016,-0.169406
1.550016,0.385619
1.555017,0.214644
1.560017,0.552917
1.565017,0.676319
1.570017,0.410891
1.575018,-0.871553
1.580018,-0.165064
1.585018,-0.614458
1.590018,-0.018647
1.595019,-0.127858
1.600019,-0.735875
1.605019,0.050712
1.610019,0.051557
1.615019,0.145698
1.620020,-1.053187
1.625020,-0.108619
1.630020,-0.423949
1.635020,0.657211
1.640021,0.466453
1.645021,-0.231984
1.650021,-0.552914
1.655021,-0.195194
1.660022,0.201628
1.665022,0.441740
1.670022,0.724729
1.675022,0.662460
1.680022,0.713444
1.685023,0.495535
1.690023,0.654134
1.695023,-0.005426
1.700023,0.053632
1.705024,-0.677541
1.710024,0.204403
1.715024,-0.125414
1.720024,-0.848879
1.725025,-0.155455
1.730025,-0.760526
1.735025,0.033080
1.740025,-0.062275
1.745026,0.313483
1.750026,0.080452
1.755026,-0.396826
1.760026,0.162411
1.765026,-0.070277
1.770027,0.232545
1.775027,-0.699243
1.780027,0.011965
1.785027,0.168432
1.790028,0.266611
1.795028,-0.207568
1.800028,0.460126
1.805028,-0.554945
1.810029,0.041861
1.815029,0.345570
1.820029,0.546130
1.825029,-0.372127
1.830029,0.103857
1.835030,-0.369667
1.840030,-0.548700
1.845030,0.498761
1.850030,0.306389
1.855031,-0.187103
1.860031,-0.770025
1.865031,-0.269248
1.870031,0.544975
1.875032,0.371049
1.880032,0.086371
1.885032,-0.212706
1.890032,-0.824058
1.895033,0.089428
1.900033,-0.157389
1.905033,-1.187431
1.910033,0.403327
1.915033,0.087813
1.920034,-0.602252
1.925034,0.098834
1.930034,0.620669
1.935034,-0.065498
1.940035,0.209166
1.945035,-0.044094
1.950035,0.426702
1.955035,-0.082332
1.960036,-0.403470
1.965036,-0.584504
1.970036,0.543106
1.975036,-0.393821
1.980036,-0.211397
1.985037,0.404826
1.990037,-0.309410
1.995037,0.416056
2.000037,0.199854
2.005037,-0.407176
2.010037,0.359228
2.015036,0.205078
2.020036,0.213858
2.025036,0.207758
2.030035,-0.380754
2.035035,0.589567
2.040035,0.355390
2.045034,-0.498808
2.050034,0.047137
2.055033,0.808653
2.060033,-0.232878
2.065033,-0.355768
2.070032,-0.034189
2.075032,-0.289934
2.080032,-0.420401
2.085031,0.566955
2.090031,0.072201
2.095031,-0.575989
2.100030,0.291995
2.105030,-0.170098
2.110029,0.886521
2.115029,-0.718726
2.120029,-0.306430
2.125028,-0.019620
2.130028,0.727294
2.135028,-0.353481
2.140027,-1.905256
2.145027,0.292305
2.150027,-0.260348
2.155026,0.126773
2.160026,0.471215
2.165025,-0.334244
2.170025,-0.729267
2.175025,-0.469177
2.180024,0.142968
2.185024,0.422750
2.190024,-0.108869
2.195023,0.259985
2.200023,-0.584472
2.205023,0.030325
2.210022,0.671008
2.215022,1.214285
2.220021,-0.318153
2.225021,-0.628127
2.230021,0.350352
2.235020,-0.034559
2.240020,-0.033973
2.245020,-0.565796
2.250019,-0.703872
2.255019,-0.947627
2.260019,-1.345667
2.265018,-0.181922
2.270018,0.197770
2.275017,0.328217
2.280017,0.766801
2.285017,-0.218086
2.290016,0.074503
2.295016,-0.696708
2.300016,0.932521
2.305015,0.084311
2.310015,0.812453
2.315015,0.388162
2.320014,1.021902
2.325014,0.205653
2.330014,-0.051932
2.335013,-0.130817
2.340013,-0.474332
2.345012,0.148041
2.350012,0.726869
2.355012,-0.392958
2.360011,0.290186
2.365011,-0.766127
2.370011,0.694147
2.375010,0.189107
2.380010,-0.087607
2.385010,-1.253325
2.390009,-0.384670
2.395009,0.014073
2.400008,0.103701
2.405008,-0.045902
2.410008,-0.274532
2.415007,-0.104435
2.420007,0.556713
2.425007,0.339982
2.430006,0.607905
2.435006,-0.364739
2.440006,-0.156912
2.445005,0.223184
2.450005,-0.066235
2.455004,0.687112
2.460004,0.443842
2.465004,-0.895561
2.470003,-0.622897
2.475003,-0.391676
2.480003,0.228335
2.485002,0.112030
2.490002,-0.906549
2.495002,-0.209392
2.500001,0.044420
2.505001,0.265094
2.510000,-0.025421
2.515000,-0.416564
2.520000,-0.034012
2.524999,-0.493495
2.529999,0.214529
2.534999,-0.641830
2.539998,0.087490
2.544998,0.078455
2.549998,-0.281560
2.554997,-0.311834
2.559997,-0.143806
2.564996,-0.127018
2.569996,-0.957970
2.574996,0.137190
2.579995,-0.286527
2.584995,0.307446
2.589995,0.454392
2.594994,-0.815159
2.599994,0.521366
2.604994,0.766897
2.609993,0.525416
2.614993,1.272502
2.619992,-0.141980
2.624992,0.834644
2.629992,-0.354986
2.634991,-0.562742
2.639991,0.871378
2.644991,0.633152
2.649990,0.007805
2.654990,-0.194902
2.659990,0.373711
2.664989,0.290867
2.669989,-0.119424
2.674989,0.723817
2.679988,-0.726339
2.684988,-0.666089
2.689987,0.290600
2.694987,-0.584654
2.699987,-0.033320
2.704986,-0.585368
2.709986,0.265202
2.714986,-0.770709
2.719985,0.415677
2.724985,-0.356261
2.729985,0.590921
2.734984,0.410168
2.739984,-0.092550
2.744983,-0.575089
2.749983,-0.075507
2.754983,0.406359
2.759982,-0.589545
2.764982,0.025917
2.769982,0.201274
2.774981,0.255119
2.779981,0.617067
2.784981,0.480137
2.789980,-0.219352
2.794980,-0.127234
2.799979,0.015533
2.804979,-0.196958
2.809979,-0.389157
2.814978,0.047016
2.819978,0.143541
2.824978,-0.506378
2.829977,0.748928
2.834977,0.249053
2.839977,0.561316
2.844976,0.815593
2.849976,-0.437181
2.854975,-0.130801
2.859975,-0.036886
2.864975,-0.912472
2.869974,0.726917
2.874974,-0.470164
2.879974,0.178100
2.884973,0.347665
2.889973,-0.266691
2.894973,-0.172501
2.899972,0.569548
2.904972,-0.034883
2.909971,0.770964
2.914971,0.256487
2.919971,0.273450
2.924970,0.184771
2.929970,-0.604540
2.934970,-0.201913
2.939969,-0.053854
2.944969,-0.281720
2.949969,0.204574
2.954968,0.211062
2.959968,-0.841045
2.964967,0.181035
2.969967,0.024973
2.974967,0.478720
2.979966,-0.252357
2.984966,-0.441508
2.989966,-0.147571
2.994965,0.984270
2.999965,-1.209935
3.004965,0.342666
3.009964,0.831408
3.014964,-0.288859
3.019964,-0.352781
3.024963,0.247637
3.029963,-0.237625
3.034962,-0.436625
3.039962,0.101378
3.044962,0.050565
3.049961,0.595168
3.054961,-0.273501
3.059961,-0.442101
3.064960,-0.052462
3.069960,0.299510
3.074960,0.152925
3.079959,-0.553045
3.084959,0.425272
3.089958,-0.016867
3.094958,-1.004997
3.099958,-0.470057
3.104957,-0.344541
3.109957,0.042920
3.114957,0.064104
3.119956,-0.817057
3.124956,0.068533
3.129956,0.900139
3.134955,0.975994
3.139955,-0.062092
3.144954,-0.735952
3.149954,-1.071591
3.154954,0.454393
3.159953,-0.029275
3.164953,-0.255899
3.169953,-0.530527
3.174952,0.023184
3.179952,0.177777
3.184952,-0.694415
3.189951,-0.327358
3.194951,0.809328
3.199950,-0.294438
3.204950,-0.444291
3.209950,0.663787
3.214949,0.306264
3.219949,-0.607059
3.224949,0.211070
3.229948,0.161935
3.234948,0.440936
3.239948,-0.498051
3.244947,-0.040879
3.249947,0.188366
3.254946,-0.185706
3.259946,-0.017367
3.264946,-0.697368
3.269945,-0.557171
3.274945,0.604498
3.279945,-0.913660
3.284944,-0.271688
3.289944,-0.163777
3.294944,-0.275120
3.299943,-0.315407
3.304943,-0.260674
3.309942,0.025422
3.314942,0.697676
3.319942,-1.031793
3.324941,-0.013377
3.329941,0.773217
3.334941,-0.223459
3.339940,-0.609333
3.344940,0.021317
3.349940,-0.218583
3.354939,-0.462488
3.359939,-0.773418
3.364938,-0.099413
3.369938,-0.556901
3.374938,0.278063
3.379937,-0.025498
3.384937,-0.392830
3.389937,-1.008360
3.394936,-0.425211
3.399936,-0.718048
3.404936,0.706057
3.409935,0.050930
3.414935,0.021389
3.419935,0.337206
3.424934,0.694587
3.429934,-0.017520
3.434933,0.141107
3.439933,1.377375
3.444933,-0.165919
3.449932,-0.060955
3.454932,-0.181079
3.459932,0.471646
3.464931,-0.542866
3.469931,-0.359436
3.474931,0.941164
3.479930,-0.536234
3.484930,0.062734
3.489929,-0.296090
3.494929,0.119774
3.499929,0.240252
3.504928,-0.579244
3.509928,-0.560202
3.514928,-0.853550
3.519927,-0.644661
3.524927,0.620016
3.529927,-0.538603
3.534926,-0.256003
3.539926,-0.818993
3.544925,-0.304848
3.549925,-0.077332
3.554925,0.285158
3.559924,0.280244
3.564924,0.137341
3.569924,-0.200106
3.574923,0.019187
3.579923,-0.574704
3.584923,0.674279
3.589922,-0.722155
3.594922,0.076446
3.599921,0.477675
3.604921,0.365244
3.609921,0.834649
3.614920,0.194905
3.619920,0.093812
3.624920,-0.596915
3.629919,-1.101815
3.634919,0.895703
3.639919,0.719569
3.644918,0.170550
3.649918,-0.787129
3.654917,0.140938
3.659917,0.193417
3.664917,0.742931
3.669916,-0.270227
3.674916,0.095417
3.679916,-0.186262
3.684915,0.442288
3.689915,-0.608156
3.694915,0.107095
3.699914,-0.937397
3.704914,-1.065858
3.709913,1.402524
3.714913,0.678746
3.719913,-0.311803
3.724912,0.256767
3.729912,0.037784
3.734912,0.146626
3.739911,-0.552581
3.744911,0.429311
3.749911,0.529181
3.754910,0.330084
3.759910,-0.308036
3.764910,0.509954
3.769909,-0.021121
3.774909,0.509718
3.779908,0.169704
3.784908,-0.716173
3.789908,0.841925
3.794907,0.230957
3.799907,0.218306
3.804907,1.104940
3.809906,-0.981314
3.814906,-0.113099
3.819906,-0.619740
3.824905,0.575776
3.829905,-0.251047
3.834904,-0.547227
3.839904,-0.526330
3.844904,0.823336
3.849903,0.974022
3.854903,-0.191459
3.859903,-0.540620
3.864902,0.187458
3.869902,0.190612
3.874902,0.761001
3.879901,-0.484093
3.884901,-0.217774
3.889900,-0.822468
3.894900,0.317225
3.899900,0.258848
3.904899,-0.651309
3.909899,0.320336
3.914899,0.526333
3.919898,-0.662312
3.924898,0.459455
3.929898,-0.165077
3.934897,0.139707
3.939897,0.211715
3.944896,-0.192715
3.949896,-0.430319
3.954896,0.032619
3.959895,-0.789301
3.964895,-0.436756
3.969895,-0.386578
3.974894,0.228785
3.979894,0.421944
3.984894,-0.423634
3.989893,-0.124082
3.994893,1.001177
3.999892,-0.173232
4.004892,0.188857
4.009892,0.725122
4.014892,0.086907
4.019891,-0.465546
4.024891,0.623014
4.029891,-0.267648
4.034890,-0.287412
4.039890,-0.701947
4.044889,-0.421494
4.049889,-0.719909
4.054889,0.343913
4.059888,-0.122445
4.064888,-0.680141
4.069888,-0.187511
4.074887,0.202529
4.079887,-0.166275
4.084887,-0.081020
4.089886,0.570298
4.094886,-0.249973
4.099885,0.060483
4.104885,0.014422
4.109885,-0.238149
4.114884,-0.041558
4.119884,-0.152290
4.124884,-0.941174
4.129883,-0.378592
4.134883,0.113105
4.139883,-0.611759
4.144882,-0.619883
4.149882,0.969017
4.154881,0.669995
4.159881,0.383436
4.164881,-0.165210
4.169880,-0.591733
4.174880,0.142251
4.179880,0.391546
4.184879,-0.329578
4.189879,0.381973
4.194879,-0.392353
4.199878,-0.246236
4.204878,-0.883014
4.209877,0.390951
4.214877,-0.103789
4.219877,0.728832
4.224876,0.572643
4.229876,0.572266
4.234876,-0.433659
4.239875,0.789501
4.244875,-0.119973
4.249875,0.625994
4.254874,-0.646265
4.259874,-0.319214
4.264874,0.265568
4.269873,0.049002
4.274873,-0.017073
4.279872,0.152919
4.284872,-0.161283
4.289872,-0.201298
4.294871,0.387130
4.299871,-0.184905
4.304871,0.219194
4.309870,-0.926294
4.314870,-0.537147
4.319870,-0.846414
4.324869,0.285530
4.329869,0.324091
4.334868,-0.146944
4.339868,0.683557
4.344868,-0.448602
4.349867,-0.307367
4.354867,0.521257
4.359867,-0.069072
4.364866,0.041493
4.369866,-0.364386
4.374866,0.005558
4.379865,-0.060800
4.384865,0.124836
4.389864,-0.549983
4.394864,0.587280
4.399864,0.336345
4.404863,0.958375
4.409863,0.286550
4.414863,0.621130
4.419862,-0.311912
4.424862,-0.402666
4.429862,-0.013305
4.434861,-1.265165
4.439861,0.549785
4.444860,-0.175233
4.449860,0.543766
4.454860,-0.434163
4.459859,-0.247609
4.464859,0.672895
4.469859,0.032342
4.474858,-0.771252
4.479858,-0.605837
4.484858,-0.744614
4.489857,-0.371645
4.494857,-0.470146
4.499856,0.601347
4.504856,0.246652
4.509856,0.242007
4.514855,-0.429219
4.519855,-0.460225
4.524855,-0.042634
4.529854,-0.146900
4.534854,-0.455349
4.539854,-0.946737
4.544853,0.687668
4.549853,0.051522
4.554852,-0.445324
4.559852,-0.151988
4.564852,-0.042652
4.569851,0.151585
4.574851,-0.493228
4.579851,0.758065
4.584850,-0.358168
4.589850,-0.151460
4.594850,1.534280
4.599849,-0.611847
4.604849,-0.300586
4.609848,0.865399
4.614848,0.244383
4.619848,-0.388082
4.624847,0.007013
4.629847,0.091664
4.634847,0.327211
4.639846,-0.057384
4.644846,0.384037
4.649846,-0.080415
4.654845,-0.741971
4.659845,0.180188
4.664845,-0.342465
4.669844,0.158675
4.674844,0.256054
4.679843,0.250666
4.684843,-0.311999
4.689843,1.293039
4.694842,-0.717221
4.699842,-0.671529
4.704842,-1.031056
4.709841,0.082981
4.714841,-0.795776
4.719841,0.638554
4.724840,-0.936016
4.729840,-0.698842
4.734839,0.188185
4.739839,0.346116
4.744839,-0.557563
4.749838,-0.275764
4.754838,0.354376
4.759838,0.120296
4.764837,-0.212074
4.769837,-0.031947
4.774837,0.024611
4.779836,-0.317642
4.784836,-1.358572
4.789835,-0.353943
4.794835,-0.047858
4.799835,0.455824
4.804834,0.254182
4.809834,-0.199481
4.814834,-0.259813
4.819833,0.207770
4.824833,0.819919
4.829833,-0.565286
4.834832,-0.663836
4.839832,0.126412
4.844831,0.274827
4.849831,0.245146
4.854831,-0.415397
4.859830,-0.455479
4.864830,0.133345
4.869830,-0.433593
4.874829,0.566810
4.879829,-0.474638
4.884829,0.500025
4.889828,0.038850
4.894828,0.571327
4.899827,-0.125165
4.904827,-0.053041
4.909827,-0.005484
4.914826,1.044636
4.919826,-0.109710
4.924826,-0.126011
4.929825,-0.272828
4.934825,0.807861
4.939825,-0.872002
4.944824,-0.309856
4.949824,0.000772
4.954823,-0.376950
4.959823,0.610748
4.964823,0.337941
4.969822,0.423060
4.974822,0.139026
4.979822,-0.158573
4.984821,-0.908527
4.989821,0.179961
4.994821,-0.312252
4.999820,-0.353176
5.004820,0.167937
5.009820,-0.336133
5.014819,-0.474839
5.019819,0.359063
5.024818,-0.341280
5.029818,0.079686
5.034818,-0.350900
5.039817,0.839624
5.044817,0.474109
5.049817,0.788187
5.054816,0.178569
5.059816,0.038360
5.064816,0.499252
5.069815,-0.283789
5.074815,0.341573
5.079814,-0.234091
5.084814,0.348755
5.089814,-0.592601
5.094813,-0.127191
5.099813,0.155038
5.104813,-0.145643
5.109812,-0.145308
5.114812,-0.244256
5.119812,-0.100762
5.124811,0.375195
5.129811,0.209032
5.134810,0.555485
5.139810,-0.268326
5.144810,-0.563639
5.149809,0.192392
5.154809,-0.927831
5.159809,0.824253
5.164808,0.583139
5.169808,0.113326
5.174808,0.414790
5.179807,-0.762882
5.184807,-0.323819
5.189806,0.621797
5.194806,0.094010
5.199806,0.690954
5.204805,0.143089
5.209805,0.055643
5.214805,-1.384386
5.219804,0.525064
5.224804,-0.667396
5.229804,0.184027
5.234803,-0.441900
5.239803,0.675315
5.244802,-0.014611
5.249802,0.021148
5.254802,-0.331031
5.259801,0.066154
5.264801,0.173162
5.269801,-0.375895
5.274800,0.055635
5.279800,0.470796
5.284800,0.075027
5.289799,0.271091
5.294799,0.575806
5.299798,-0.153480
5.304798,-0.971322
5.309798,0.483953
5.314797,-0.043922
5.319797,-0.757146
5.324797,-0.219103
5.329796,0.230321
5.334796,0.364316
5.339796,-0.024243
5.344795,-0.420628
5.349795,0.296699
5.354795,-1.099311
5.359794,0.045833
5.364794,0.860355
5.369793,0.867590
5.374793,0.300934
5.379793,-0.208016
5.384792,0.682134
5.389792,0.737221
5.394792,-0.563173
5.399791,-0.068919
5.404791,0.045638
5.409791,0.384814
5.414790,0.360967
5.419790,0.753679
5.424789,-0.402750
5.429789,0.407195
5.434789,0.038813
5.439788,-0.410844
5.444788,-0.674123
5.449788,-0.000739
5.454787,0.483541
5.459787,-1.097758
5.464787,0.719794
5.469786,-0.152875
5.474786,0.027925
5.479785,-0.732402
5.484785,0.449478
5.489785,-0.144286
5.494784,0.608093
5.499784,-0.155313
5.504784,0.233084
5.509783,0.015744
5.514783,0.524686
5.519783,-0.308481
5.524782,1.062334
5.529782,0.530280
5.534781,-0.323006
5.539781,0.136754
5.544781,-0.145645
5.549780,-1.349014
5.554780,0.166660
5.559780,-0.143868
5.564779,-0.020619
5.569779,-0.204937
5.574779,-0.287088
5.579778,-0.510686
5.584778,-0.492437
5.589777,-0.570615
5.594777,0.171687
5.599777,0.063547
5.604776,-0.042008
5.609776,-0.289024
5.614776,-0.030912
5.619775,-1.226522
5.624775,-0.074797
5.629775,-0.314088
5.634774,0.068483
5.639774,-0.062467
5.644773,0.036506
5.649773,-0.581498
5.654773,0.355485
5.659772,0.165391
5.664772,-0.170672
5.669772,-0.747403
5.674771,0.027377
5.679771,-0.185712
5.684771,1.132715
5.689770,-0.317240
5.694770,0.542326
5.699769,0.486337
5.704769,-0.447147
5.709769,-1.340380
5.714768,0.977644
5.719768,-0.649862
5.724768,0.644500
5.729767,-0.167955
5.734767,-0.091761
5.739767,0.307803
5.744766,-0.656577
5.749766,-0.431415
5.754766,-0.778953
5.759765,0.097635
5.764765,-0.626623
5.769764,-0.487244
5.774764,-0.134078
5.779764,0.311821
5.784763,1.135579
5.789763,-0.641688
5.794763,0.225516
5.799762,-0.019243
5.804762,-0.096156
5.809762,0.301283
5.814761,0.315742
5.819761,-0.618961
5.824760,0.193962
5.829760,0.173942
5.834760,-0.367597
5.839759,0.015680
5.844759,0.319805
5.849759,0.572770
5.854758,0.715053
5.859758,-1.166187
5.864758,0.110875
5.869757,1.366945
5.874757,-0.418505
5.879756,-0.620771
5.884756,0.732102
5.889756,0.279972
5.894755,0.536440
5.899755,0.236973
5.904755,-0.531514
5.909754,0.071852
5.914754,-0.665845
5.919754,0.221199
5.924753,0.365134
5.929753,-0.019207
5.934752,0.323924
5.939752,-0.114105
5.944752,0.125860
5.949751,-0.332072
5.954751,0.248952
5.959751,-0.369738
5.964750,-0.088106
5.969750,-0.115994
5.974750,-0.356701
5.979749,-0.393825
5.984749,-0.031963
5.989748,-0.297403
5.994748,0.293671
5.999748,0.704968
6.004747,0.985513
6.009747,0.870027
6.014747,-1.043998
6.019746,-0.168727
6.024746,0.360054
6.029746,-0.703103
6.034745,-0.107690
6.039745,0.432604
6.044744,0.145335
6.049744,-0.011400
6.054744,-0.262974
6.059743,-0.636963
6.064743,-0.145447
6.069743,0.713581
6.074742,-0.983827
6.079742,-0.535091
6.084742,-1.096750
6.089741,0.471133
6.094741,-0.280019
6.099741,-0.440725
6.104740,-0.114023
6.109740,-0.313107
6.114739,0.632510
6.119739,0.750892
6.124739,-1.144912
6.129738,-0.564175
6.134738,0.648584
6.139738,-0.251868
6.144737,0.155135
6.149737,0.123291
6.154737,-1.232568
6.159736,-1.141981
6.164736,0.320612
6.169735,-0.544986
6.174735,-0.198145
6.179735,0.320918
6.184734,0.331490
6.189734,-1.821663
6.194734,0.124258
6.199733,0.047945
6.204733,0.292834
6.209733,0.232969
6.214732,-0.164746
6.219732,0.389250
6.224731,0.057450
6.229731,0.274111
6.234731,0.205452
6.239730,-0.266339
6.244730,0.802760
6.249730,0.332141
6.254729,0.841255
6.259729,0.173122
6.264729,-0.148776
6.269728,0.081817
6.274728,0.656792
6.279727,0.701947
6.284727,0.293826
6.289727,-0.157338
6.294726,0.403424
6.299726,-0.131208
6.304726,-0.069214
6.309725,-0.295836
6.314725,0.508517
6.319725,-0.466978
6.324724,0.771918
6.329724,-0.091961
6.334723,-0.662427
6.339723,0.275306
6.344723,-0.959080
6.349722,-0.014132
6.354722,-0.148481
6.359722,-0.776372
6.364721,-0.549632
6.369721,-0.236195
6.374721,0.042224
6.379720,-0.239773
6.384720,-0.868001
6.389719,1.019962
6.394719,-0.016462
6.399719,0.013841
6.404718,-0.375667
6.409718,0.017748
6.414718,0.277973
6.419717,-0.211183
6.424717,0.007821
6.429717,-0.031715
6.434716,-0.211078
6.439716,-0.104670
6.444715,0.097000
6.449715,-0.007605
6.454715,-0.625638
6.459714,-0.124676
6.464714,-0.531916
6.469714,-0.013256
6.474713,0.960367
6.479713,0.044423
6.484713,-0.176623
6.489712,0.549798
6.494712,-0.514293
6.499712,-0.179803
6.504711,0.258804
6.509711,0.069995
6.514710,0.227581
6.519710,-0.556572
6.524710,0.135806
6.529709,0.975439
6.534709,0.407737
6.539709,0.033632
6.544708,-0.220595
6.549708,0.184348
6.554708,0.477162
6.559707,-0.148823
6.564707,0.186140
6.569706,-0.505233
6.574706,0.469214
6.579706,0.479987
6.584705,0.065241
6.589705,-0.120397
6.594705,-0.323633
6.599704,-0.116146
6.604704,0.251647
6.609704,-0.274660
6.614703,-0.565154
6.619703,0.502119
6.624702,0.012124
6.629702,-0.324002
6.634702,0.051664
6.639701,0.958448
6.644701,0.367261
6.649701,0.106884
6.654700,-0.333624
6.659700,0.643251
6.664700,-0.576712
6.669699,-0.505785
6.674699,-0.027234
6.679698,0.056684
6.684698,0.687742
6.689698,-0.342489
6.694697,0.193711
6.699697,0.787166
6.704697,0.724198
6.709696,-0.105168
6.714696,-0.026761
6.719696,-0.152067
6.724695,0.230137
6.729695,0.861934
6.734694,0.207086
6.739694,-0.090549
6.744694,-0.344954
6.749693,1.026598
6.754693,-0.271598
6.759693,-0.236489
6.764692,0.629463
6.769692,-1.073735
6.774692,0.050520
6.779691,0.218240
6.784691,-0.060454
6.789690,0.687222
6.794690,0.000867
6.799690,0.259327
6.804689,-0.415878
6.809689,-0.048233
6.814689,0.319725
6.819688,0.490901
6.824688,0.247512
6.829688,-0.046231
6.834687,-0.895184
6.839687,-0.636579
6.844687,0.799847
6.849686,0.229078
6.854686,-0.065597
6.859685,-1.619392
6.864685,0.280374
6.869685,-1.046538
6.874684,0.378788
6.879684,-0.671127
6.884684,-0.835642
6.889683,-0.022404
6.894683,-1.013069
6.899683,0.314238
6.904682,-0.326650
6.909682,0.059910
6.914681,-0.327308
6.919681,-0.577960
6.924681,-0.283847
6.929680,0.267168
6.934680,0.019065
6.939680,0.440360
6.944679,0.512251
6.949679,-0.192757
6.954679,0.246809
6.959678,-0.093378
6.964678,0.549619
6.969677,-0.446780
6.974677,0.243100
6.979677,-1.245877
6.984676,-0.670438
6.989676,-0.370716
6.994676,-0.038553
6.999675,-0.263897
7.004675,-0.594809
7.009675,-1.137795
7.014674,-0.375908
7.019674,0.102786
7.024673,-0.781495
7.029673,0.106891
7.034673,-0.020227
7.039672,-1.229654
7.044672,0.224116
7.049672,0.540324
7.054671,-0.309196
7.059671,-0.019365
7.064671,0.955928
7.069670,0.356247
7.074670,0.581069
7.079669,0.100645
7.084669,0.007591
7.089669,0.511122
7.094668,-0.115538
7.099668,-0.944626
7.104668,0.596438
7.109667,0.005137
7.114667,0.064848
7.119667,0.556521
7.124666,0.102253
7.129666,0.019229
7.134665,-0.446059
7.139665,0.444978
7.144665,-0.234828
7.149664,-0.490655
7.154664,-0.063906
7.159664,0.074142
7.164663,0.200018
7.169663,-0.265853
7.174663,0.068478
7.179662,-0.130894
7.184662,0.097668
7.189662,0.681761
7.194661,0.209431
7.199661,-0.472876
7.204660,0.122893
7.209660,-0.092773
7.214660,0.166575
7.219659,-0.279024
7.224659,-0.118790
7.229659,1.050669
7.234658,0.451211
7.239658,-0.687448
7.244658,0.509908
7.249657,0.222380
7.254657,-0.034489
7.259656,0.451431
7.264656,0.024361
7.269656,-0.777826
7.274655,-0.430129
7.279655,0.013057
7.284655,0.304723
7.289654,0.377052
7.294654,0.618405
7.299654,0.171622
7.304653,0.241075
7.309653,-0.473049
7.314652,-0.458075
7.319652,-0.871554
7.324652,-1.100703
7.329651,-0.370829
7.334651,-0.384671
7.339651,0.945558
7.344650,-0.407090
7.349650,-0.907556
7.354650,-0.196893
7.359649,0.456125
7.364649,-0.821794
7.369648,-0.353934
7.374648,-0.550087
7.379648,-0.383299
7.384647,0.938505
7.389647,0.056740
7.394647,-0.407766
7.399646,0.279421
7.404646,0.617039
7.409646,-0.304806
7.414645,0.316755
7.419645,0.409325
7.424644,-0.071098
7.429644,0.003559
7.434644,0.286384
7.439643,0.268582
7.444643,0.075237
7.449643,-0.361616
7.454642,0.708356
7.459642,0.988394
7.464642,0.892136
7.469641,-0.716276
7.474641,-0.431266
7.479640,-0.368121
7.484640,-0.361915
7.489640,-0.136148
7.494639,-1.035074
7.499639,0.895554
7.504639,-0.130355
7.509638,-0.215182
7.514638,-0.049677
7.519638,-0.015549
7.524637,0.005136
7.529637,0.465138
7.534636,0.122871
7.539636,-0.769488
7.544636,-0.679717
7.549635,-0.306273
7.554635,-0.555493
7.559635,0.176025
7.564634,-0.130920
7.569634,-0.423035
7.574634,0.370572
7.579633,0.549152
7.584633,-0.237068
7.589633,0.137402
7.594632,0.253163
7.599632,-0.374261
7.604631,0.005755
7.609631,0.955177
7.614631,-0.164632
7.619630,-0.465275
7.624630,0.296967
7.629630,-0.060555
7.634629,-0.056662
7.639629,-0.453074
7.644629,-0.781085
7.649628,0.081719
7.654628,-0.018888
7.659627,-0.440627
7.664627,0.836665
7.669627,0.746138
7.674626,0.127993
7.679626,0.069687
7.684626,-0.220903
7.689625,-0.685429
7.694625,0.570049
7.699625,-0.012965
7.704624,0.298167
7.709624,-0.316320
7.714623,0.095131
7.719623,-0.353019
7.724623,0.125399
7.729622,0.042885
7.734622,1.989550
7.739622,-0.360867
7.744621,0.365536
7.749621,-0.192273
7.754621,0.268483
7.759620,0.123519
7.764620,-0.237607
7.769619,-0.395310
7.774619,0.008444
7.779619,0.305459
7.784618,-0.044128
7.789618,-0.088601
7.794618,-0.191664
7.799617,0.110399
7.804617,0.093166
7.809617,-0.248492
7.814616,0.210371
7.819616,-0.033140
7.824615,0.129844
7.829615,-0.845857
7.834615,0.686803
7.839614,-0.233913
7.844614,-0.336620
7.849614,-0.678234
7.854613,-0.162290
7.859613,-0.265004
7.864613,-0.295464
7.869612,0.112150
7.874612,0.147565
7.879611,-0.512540
7.884611,-0.133597
7.889611,0.012766
7.894610,-0.036486
7.899610,0.103500
7.904610,0.060005
7.909609,0.535320
7.914609,-0.067494
7.919609,0.295422
7.924608,0.043825
7.929608,0.092470
7.934608,-0.457081
7.939607,-0.303727
7.944607,-0.862223
7.949606,-0.311946
7.954606,-0.534667
7.959606,-0.371740
7.964605,-0.816517
7.969605,-0.849033
7.974605,0.019747
7.979604,-0.463601
7.984604,-0.399658
7.989604,0.092532
7.994603,-0.574563
7.999603,0.701796
8.004604,-0.198114
8.009606,-0.073063
8.014608,0.055994
8.019610,-0.235646
8.024612,0.334359
8.029614,-0.084372
8.034616,-0.292414
8.039618,-0.068107
8.044621,0.535699
8.049623,-0.234704
8.054625,-0.586033
8.059627,-0.260502
8.064629,0.266113
8.069631,-0.076768
8.074633,0.367479
8.079635,-0.476114
8.084637,0.792827
8.089639,0.118389
8.094641,-0.218865
8.099643,0.876700
8.104645,-0.090617
8.109647,-0.007719
8.114649,-0.206262
8.119651,-0.649125
8.124653,0.401127
8.129655,0.478917
8.134657,-0.050277
8.139659,-0.137167
8.144661,-0.617990
8.149663,0.336185
8.154665,-0.152908
8.159667,0.452015
8.164669,0.369751
8.169671,0.092932
8.174673,-0.019449
8.179675,-0.024964
8.184677,-0.071239
8.189679,-0.378606
8.194681,-0.557302
8.199683,-0.132987
8.204685,-0.068841
8.209687,0.751903
8.214689,0.015628
8.219691,-0.343957
8.224693,0.124203
8.229695,-0.100383
8.234697,-0.407282
8.239699,-0.518832
8.244701,-0.207446
8.249703,0.361874
8.254705,-0.138387
8.259707,0.481300
8.264709,0.472154
8.269711,-0.537336
8.274714,-0.002608
8.279716,0.678484
8.284718,-0.376015
8.289720,0.380453
8.294722,0.351579
8.299724,-0.061053
8.304726,0.325958
8.309728,0.814278
8.314730,0.914120
8.319732,0.735379
8.324734,0.306386
8.329736,-0.120325
8.334738,0.074320
8.339740,0.394805
8.344742,0.328486
8.349744,0.125429
8.354746,0.516661
8.359748,-0.483467
8.364750,-0.446324
8.369752,0.406708
8.374754,-0.288974
8.379756,0.052124
8.384758,0.470906
8.389760,0.204198
8.394762,0.497844
8.399764,0.184044
8.404766,0.000161
8.409768,0.183548
8.414770,0.734509
8.419772,0.097435
8.424774,-0.603689
8.429776,-0.376423
8.434778,-0.216181
8.439780,-0.507277
8.444782,0.250725
8.449784,0.238765
8.454786,-0.035501
8.459788,-0.146168
8.464790,0.935938
8.469792,0.145778
8.474794,0.820861
8.479796,0.052967
8.484798,-0.018791
8.489800,0.030934
8.494802,-0.364425
8.499804,-0.498832
8.504807,-0.819551
8.509809,-0.578284
8.514811,-0.516161
8.519813,-0.640685
8.524815,-0.682352
8.529817,-1.002807
8.534819,-0.335295
8.539821,0.409871
8.544823,0.402293
8.549825,-0.261497
8.554827,0.226046
8.559829,-0.238149
8.564831,1.276978
8.569833,-0.428685
8.574835,-0.773678
8.579837,-0.017362
8.584839,-0.123373
8.589841,0.560303
8.594843,0.514485
8.599845,-0.171448
8.604847,-0.517780
8.609849,0.393863
8.614851,0.060814
8.619853,0.151250
8.624855,-0.104451
8.629857,-0.668622
8.634859,-0.605989
8.639861,-0.267685
8.644863,0.064517
8.649865,-0.958630
8.654867,-0.391877
8.659869,-0.312046
8.664871,-0.169987
8.669873,-0.516778
8.674875,0.548637
8.679877,0.728669
8.684879,0.090508
8.689881,0.326878
8.694883,-0.667118
8.699885,-0.729908
8.704887,0.826024
8.709889,-0.130936
8.714891,-0.179568
8.719893,-0.454441
8.724895,-0.694563
8.729897,0.502931
8.734900,-0.223490
8.739902,-1.146390
8.744904,0.336919
8.749906,-0.155033
8.754908,-0.180024
8.759910,-0.202043
8.764912,-0.657309
8.769914,0.030375
8.774916,0.684183
8.779918,-0.017031
8.784920,-0.215051
8.789922,0.147168
8.794924,-0.403383
8.799926,0.165764
8.804928,0.400558
8.809930,-0.082305
8.814932,0.400658
8.819934,-0.333241
8.824936,1.109023
8.829938,0.794108
8.834940,0.737945
8.839942,-0.026751
8.844944,0.215816
8.849946,1.068187
8.854948,0.663908
8.859950,-0.515135
8.864952,-0.061743
8.869954,0.470487
8.874956,-0.399209
8.879958,-0.775866
8.884960,-0.034294
8.889962,-0.229577
8.894964,-0.702010
8.899966,0.003794
8.904968,0.336510
8.909970,0.083679
8.914972,1.037384
8.919974,-0.367201
8.924976,-0.508351
8.929978,-0.759210
8.934980,-0.198974
8.939982,-0.014102
8.944984,0.653743
8.949986,0.024156
8.954988,-0.358399
8.959991,0.128066
8.964993,0.231255
8.969995,0.253057
8.974997,-1.003029
8.979999,-0.129175
8.985001,0.142757
8.990003,-0.415958
8.995005,0.617249
9.000007,-0.413850
9.005009,-1.003358
9.010011,-0.100888
9.015013,0.326717
9.020015,-0.202080
9.025017,-0.923487
9.030019,0.367061
9.035021,0.065685
9.040023,-0.774051
9.045025,0.404029
9.050027,0.002698
9.055029,-0.091357
9.060031,-0.760023
9.065033,-0.288537
9.070035,-0.198011
9.075037,-0.250606
9.080039,0.042794
9.085041,-0.112366
9.090043,0.223325
9.095045,0.628045
9.100047,0.553749
9.105049,-0.343644
9.110051,0.144820
9.115053,0.038634
9.120055,-0.293898
9.125057,0.524653
9.130059,-1.141519
9.135061,0.314875
9.140063,-0.316938
9.145065,0.391349
9.150067,0.441740
9.155069,0.332263
9.160071,0.326379
9.165073,-0.447645
9.170075,-0.190440
9.175077,-0.579207
9.180079,-0.018505
9.185081,-0.450676
9.190084,0.359279
9.195086,-0.777160
9.200088,1.024093
9.205090,-0.125014
9.210092,0.976456
9.215094,0.293650
9.220096,-0.395380
9.225098,0.636966
9.230100,-1.025407
9.235102,-0.733990
9.240104,0.514256
9.245106,-0.172002
9.250108,0.046759
9.255110,-0.355834
9.260112,0.420006
9.265114,-0.563570
9.270116,-0.890426
9.275118,0.218039
9.280120,0.245129
9.285122,-0.518896
9.290124,-0.257507
9.295126,0.098121
9.300128,0.137372
9.305130,-0.550879
9.310132,-0.554382
9.315134,0.222042
9.320136,0.770416
9.325138,0.553347
9.330140,0.857800
9.335142,-0.013690
9.340144,0.057451
9.345146,0.155178
9.350148,0.063280
9.355150,0.994575
9.360152,0.320567
9.365154,1.035703
9.370156,-0.089520
9.375158,-0.155879
9.380160,-0.030836
9.385162,-0.756718
9.390164,0.317674
9.395166,0.180637
9.400168,-0.096991
9.405170,-0.560150
9.410172,-0.231452
9.415174,0.396805
9.420177,0.092575
9.425179,0.148673
9.430181,-0.782837
9.435183,0.432988
9.440185,-0.619030
9.445187,-0.163152
9.450189,-0.345355
9.455191,-0.120233
9.460193,0.751151
9.465195,-0.526202
9.470197,-0.033251
9.475199,0.723811
9.480201,-0.241877
9.485203,0.574472
9.490205,0.036246
9.495207,0.438229
9.500209,0.604371
9.505211,-0.056040
9.510213,-0.855574
9.515215,0.511764
9.520217,0.166312
9.525219,-0.215949
9.530221,-0.612283
9.535223,0.294865
9.540225,-0.031982
9.545227,-0.040832
9.550229,-0.397829
9.555231,-0.318650
9.560233,-0.058679
9.565235,1.225535
9.570237,0.490111
9.575239,0.735397
